1 0.415625 0.45390625 0.05390625 0.065625
1 0.5359375 0.61875 0.04375 0.05859375
1 0.2953125 0.58203125 0.0375 0.0515625
1 0.328125 0.6640625 0.0671875 0.06875
1 0.32890625 0.48671875 0.02578125 0.07578125
1 0.76875 0.89453125 0.05078125 0.07578125
1 0.90859375 0.68359375 0.05234375 0.07578125
1 0.0125 0.7125 0.02421875 0.090625
1 0.98046875 0.48984375 0.0328125 0.065625
1 0.8890625 0.46328125 0.05078125 0.06875
1 0.9484375 0.403125 0.05078125 0.065625
1 0.34765625 0.6109375 0.04765625 0.08828125
1 0.5015625 0.4890625 0.0421875 0.07578125