1 0.66796875 0.1984375 0.0765625 0.1578125
1 0.49453125 0.2484375 0.04765625 0.1125
1 0.55625 0.22734375 0.05859375 0.11015625
1 0.81484375 0.10390625 0.09375 0.20234375
1 0.146875 0.32109375 0.0234375 0.0546875
1 0.1703125 0.32109375 0.02890625 0.05
1 0.2078125 0.3125 0.02265625 0.0546875
1 0.2296875 0.2953125 0.0265625 0.05234375
1 0.26328125 0.2953125 0.02890625 0.0703125
1 0.2953125 0.2890625 0.03359375 0.0703125
1 0.346875 0.2890625 0.0328125 0.0828125
1 0.38125 0.26640625 0.04375 0.1
1 0.43359375 0.2625 0.04140625 0.08984375