1 0.096875 0.32578125 0.11640625 0.1921875
1 0.1046875 0.16640625 0.07734375 0.1015625
1 0.30703125 0.184375 0.06484375 0.1046875
1 0.79296875 0.40703125 0.14453125 0.24921875
2 0.78046875 0.31015625 0.12734375 0.121875
1 0.70703125 0.18828125 0.05703125 0.103125
1 0.41796875 0.14296875 0.04765625 0.07890625
1 0.2140625 0.59609375 0.1921875 0.36640625
1 0.5359375 0.17890625 0.05546875 0.0921875
1 0.21015625 0.1 0.0484375 0.0703125
1 0.50859375 0.26171875 0.078125 0.14296875
2 0.5453125 0.121875 0.03203125 0.05078125
2 0.43203125 0.10859375 0.0390625 0.06484375
1 0.2078125 0.2328125 0.084375 0.1421875
1 0.45 0.29609375 0.1 0.1546875