1 0.44765625 0.5359375 0.05859375 0.071875
1 0.61875 0.52421875 0.0421875 0.07421875
1 0.5984375 0.42578125 0.04765625 0.05859375
1 0.24296875 0.31796875 0.03359375 0.07421875
1 0.31171875 0.39921875 0.0421875 0.06875
1 0.484375 0.2390625 0.04765625 0.05546875
1 0.434375 0.4453125 0.0390625 0.053125
1 0.590625 0.64453125 0.0390625 0.0765625
2 0.6078125 0.32890625 0.053125 0.06875
1 0.3515625 0.5 0.06875 0.0765625
1 0.58671875 0.103125 0.03359375 0.06328125
2 0.6765625 0.13515625 0.03203125 0.0609375
2 0.9453125 0.33046875 0.03515625 0.0765625
2 0.83515625 0.771875 0.0296875 0.06875
1 0.390625 0.21484375 0.04453125 0.071875
1 0.22890625 0.6671875 0.04921875 0.0796875
1 0.2703125 0.5609375 0.04609375 0.06875
1 0.378125 0.69765625 0.0390625 0.05859375
1 0.31953125 0.84453125 0.04765625 0.08984375
1 0.75078125 0.65546875 0.0390625 0.0765625
1 0.86484375 0.80078125 0.03671875 0.06328125
1 0.91796875 0.73046875 0.04765625 0.0796875
1 0.78515625 0.52421875 0.0390625 0.05859375
1 0.80625 0.30390625 0.04453125 0.08515625
1 0.7078125 0.39765625 0.04765625 0.0796875