1 0.0296875 0.525 0.03828125 0.084375
2 0.328125 0.53125 0.034375 0.08125
1 0.621875 0.559375 0.03828125 0.09453125
0 0.378125 0.5484375 0.03125 0.0734375
1 0.28203125 0.50390625 0.053125 0.11875
1 0.08359375 0.5421875 0.04296875 0.0921875
1 0.74765625 0.54609375 0.05 0.09765625
1 0.48125 0.52890625 0.04609375 0.09453125
1 0.22421875 0.51953125 0.04609375 0.11015625
1 0.42109375 0.56875 0.03984375 0.0921875
1 0.79296875 0.54765625 0.04609375 0.08671875
1 0.18984375 0.51875 0.046875 0.1
1 0.12734375 0.52734375 0.04609375 0.1078125
2 0.684375 0.540625 0.05 0.09453125