0 0.1421875 0.41796875 0.04375 0.103125
0 0.05 0.375 0.04609375 0.08984375
0 0.78671875 0.303125 0.0609375 0.12109375
0 0.95390625 0.30703125 0.04765625 0.11015625
0 0.46796875 0.39765625 0.05625 0.1234375
0 0.28828125 0.4203125 0.0359375 0.09921875
1 0.24296875 0.41484375 0.0625 0.153125
1 0.19453125 0.37421875 0.0515625 0.11484375
1 0.40234375 0.38984375 0.0625 0.1171875
1 0.73203125 0.38203125 0.04609375 0.103125
1 0.67890625 0.38125 0.03984375 0.0875
1 0.6109375 0.3953125 0.0609375 0.12109375