2 0.70625 0.55078125 0.05234375 0.1203125
1 0.46875 0.5421875 0.0578125 0.115625
1 0.5328125 0.653125 0.0953125 0.15546875
1 0.4265625 0.74453125 0.0796875 0.178125
1 0.3890625 0.82890625 0.09765625 0.2046875
1 0.70234375 0.7796875 0.1046875 0.2
1 0.64375 0.6953125 0.0921875 0.19140625
1 0.8234375 0.51796875 0.0546875 0.10703125
2 0.7671875 0.42421875 0.0296875 0.07578125
2 0.9609375 0.63125 0.06484375 0.146875
2 0.29375 0.60859375 0.1 0.1734375
1 0.08125 0.57109375 0.07265625 0.1421875
2 0.08984375 0.39140625 0.0453125 0.0890625