1 0.4546875 0.36953125 0.065625 0.13046875
1 0.29609375 0.7578125 0.1265625 0.26171875
1 0.4578125 0.1765625 0.04765625 0.0765625
1 0.29375 0.2484375 0.06328125 0.11171875
1 0.57890625 0.234375 0.0703125 0.11171875
2 0.51328125 0.15 0.0453125 0.08046875
1 0.090625 0.5265625 0.13125 0.21953125
1 0.9015625 0.384375 0.08125 0.1734375
1 0.840625 0.24609375 0.08359375 0.15390625
1 0.92734375 0.1765625 0.06328125 0.13828125
2 0.74296875 0.18671875 0.06796875 0.11171875
1 0.3640625 0.1765625 0.05234375 0.0921875
2 0.6234375 0.08046875 0.0453125 0.08046875
1 0.45390625 0.28046875 0.0765625 0.11953125
1 0.17421875 0.30546875 0.07890625 0.1265625