1 0.6234375 0.396875 0.04765625 0.084375
2 0.35234375 0.4828125 0.07109375 0.1125
1 0.28125 0.59453125 0.1 0.16484375
1 0.91171875 0.49296875 0.09453125 0.13359375
1 0.7734375 0.53828125 0.0765625 0.12265625
1 0.48671875 0.51953125 0.07890625 0.15078125
2 0.56015625 0.6421875 0.11328125 0.171875
2 0.13828125 0.40703125 0.05 0.0984375
2 0.22109375 0.42109375 0.08671875 0.12265625
1 0.04375 0.56875 0.08125 0.13671875
1 0.39609375 0.828125 0.11015625 0.21015625
1 0.76171875 0.784375 0.1234375 0.2140625
1 0.41171875 0.403125 0.07109375 0.1015625
1 0.7515625 0.4453125 0.0578125 0.0875