1 0.5171875 0.23984375 0.0703125 0.13046875
1 0.7734375 0.20625 0.06015625 0.13984375
1 0.33046875 0.23203125 0.0671875 0.1328125
2 0.43046875 0.1671875 0.04609375 0.09140625
2 0.3875 0.140625 0.03671875 0.07734375
1 0.53515625 0.12578125 0.04453125 0.071875
2 0.703125 0.15 0.04140625 0.071875
1 0.6140625 0.13046875 0.03515625 0.0640625
1 0.29765625 0.16171875 0.04296875 0.08046875
2 0.25390625 0.1234375 0.03515625 0.06796875
2 0.82109375 0.1390625 0.03671875 0.084375
1 0.865625 0.17734375 0.0515625 0.08984375
0 0.13984375 0.215625 0.06953125 0.12578125
0 0.196875 0.18203125 0.05390625 0.096875
0 0.128125 0.1515625 0.05234375 0.096875