1 0.434375 0.12421875 0.06171875 0.11640625
0 0.08671875 0.1328125 0.046875 0.075
0 0.7546875 0.12421875 0.07890625 0.1140625
0 0.60390625 0.17734375 0.065625 0.12265625
0 0.27109375 0.11484375 0.0421875 0.07265625
1 0.03515625 0.1015625 0.05 0.0890625
1 0.2203125 0.18046875 0.0515625 0.1125
2 0.796875 0.15546875 0.059375 0.1015625
2 0.18359375 0.16484375 0.05859375 0.1078125
1 0.11796875 0.13359375 0.0421875 0.1
1 0.49765625 0.12421875 0.07109375 0.14140625
1 0.65859375 0.1984375 0.103125 0.13359375
1 0.73984375 0.21640625 0.1015625 0.19921875
1 0.28046875 0.246875 0.10703125 0.16640625