0 0.6453125 0.3046875 0.025 0.06796875
0 0.88046875 0.33828125 0.034375 0.07578125
0 0.91640625 0.334375 0.03515625 0.08125
0 0.67890625 0.328125 0.0296875 0.06875
0 0.48125 0.30703125 0.040625 0.0953125
0 0.24453125 0.31640625 0.02890625 0.05234375
0 0.0828125 0.278125 0.040625 0.084375
1 0.31796875 0.3125 0.0328125 0.08125
1 0.34453125 0.31484375 0.04921875 0.10546875
1 0.1890625 0.29375 0.0421875 0.0859375
0 0.365625 0.28046875 0.01953125 0.05
0 0.5375 0.33125 0.04375 0.07109375
0 0.725 0.3234375 0.03515625 0.06875
0 0.79375 0.315625 0.0171875 0.0625
0 0.81875 0.321875 0.0296875 0.0859375