0 0.40390625 0.32265625 0.05390625 0.1046875
0 0.38671875 0.23515625 0.040625 0.0546875
0 0.50546875 0.24453125 0.0328125 0.059375
1 0.61171875 0.2703125 0.04921875 0.065625
0 0.71875 0.23828125 0.0359375 0.0546875
0 0.7546875 0.28984375 0.05078125 0.06328125
0 0.815625 0.309375 0.05546875 0.10703125
1 0.95625 0.36484375 0.0875 0.1390625
0 0.196875 0.246875 0.040625 0.06171875
0 0.13984375 0.2203125 0.0296875 0.040625
0 0.09375 0.20078125 0.0359375 0.05
1 0.4359375 0.23515625 0.034375 0.0546875
1 0.2796875 0.2328125 0.04609375 0.06328125
1 0.9484375 0.25546875 0.0328125 0.04765625