1 0.8109375 0.55390625 0.06015625 0.1484375
2 0.8796875 0.68046875 0.05 0.109375
1 0.95546875 0.765625 0.0703125 0.12421875
1 0.33046875 0.53046875 0.05546875 0.09921875
1 0.60546875 0.2359375 0.0671875 0.10703125
2 0.6859375 0.38203125 0.046875 0.12734375
1 0.07734375 0.571875 0.06171875 0.1171875
1 0.21796875 0.36640625 0.065625 0.1375
1 0.18671875 0.271875 0.04140625 0.09765625
1 0.315625 0.24609375 0.053125 0.0921875
1 0.28359375 0.146875 0.06171875 0.0890625
1 0.42578125 0.10234375 0.0546875 0.06953125
1 0.4328125 0.1984375 0.0546875 0.09453125
1 0.446875 0.38671875 0.0546875 0.0921875
1 0.4875 0.2921875 0.05859375 0.0859375
1 0.74140625 0.48125 0.065625 0.0921875
1 0.50234375 0.03984375 0.06484375 0.0796875
2 0.50703125 0.66953125 0.04140625 0.10703125
0 0.56328125 0.4828125 0.046875 0.0890625
1 0.14921875 0.47734375 0.05234375 0.13515625