0 0.4421875 0.5140625 0.04765625 0.08125
0 0.65 0.54453125 0.0453125 0.08125
0 0.7484375 0.540625 0.03984375 0.0890625
0 0.70859375 0.534375 0.0375 0.08125
0 0.6625 0.52265625 0.03515625 0.08125
0 0.5203125 0.5125 0.02265625 0.05703125
0 0.5453125 0.52265625 0.0328125 0.0734375
0 0.37265625 0.5 0.0375 0.0734375
0 0.3328125 0.49765625 0.03515625 0.0609375
0 0.23359375 0.48203125 0.0546875 0.10546875
0 0.19609375 0.46953125 0.0421875 0.0890625
0 0.48515625 0.53046875 0.0328125 0.0609375
1 0.075 0.459375 0.03984375 0.08125
2 0.13515625 0.48984375 0.03984375 0.09375
2 0.27109375 0.49609375 0.0328125 0.06875
2 0.9328125 0.57734375 0.0546875 0.09375