1 0.55859375 0.41484375 0.03828125 0.0453125
1 0.45546875 0.3875 0.03515625 0.040625
1 0.3765625 0.4046875 0.03046875 0.0546875
1 0.334375 0.421875 0.03671875 0.0625
1 0.12734375 0.41875 0.04765625 0.0765625
1 0.94765625 0.41953125 0.03359375 0.04296875
1 0.728125 0.41953125 0.025 0.04296875
1 0.61953125 0.42578125 0.02734375 0.04765625
1 0.43125 0.421875 0.02578125 0.04296875
1 0.646875 0.41484375 0.025 0.0453125
1 0.67578125 0.41015625 0.03203125 0.0546875
1 0.76875 0.41484375 0.03046875 0.0453125
2 0.0328125 0.4015625 0.03515625 0.05703125
2 0.0859375 0.41484375 0.0234375 0.0546875
1 0.2265625 0.41953125 0.03671875 0.06015625
1 0.50859375 0.40703125 0.03046875 0.06015625
1 0.81640625 0.42109375 0.04140625 0.04765625