1 0.64609375 0.32734375 0.03203125 0.07421875
0 0.2265625 0.6484375 0.06484375 0.19140625
1 0.1328125 0.70234375 0.1171875 0.19453125
2 0.43515625 0.42890625 0.03671875 0.0953125
2 0.471875 0.43359375 0.03515625 0.1328125
2 0.4796875 0.32734375 0.0234375 0.05546875
2 0.609375 0.41953125 0.04453125 0.09296875
1 0.52890625 0.32578125 0.04140625 0.08046875
1 0.18359375 0.45703125 0.04921875 0.0984375
1 0.23203125 0.43828125 0.04453125 0.1171875
1 0.57421875 0.46484375 0.05390625 0.0984375
1 0.50625 0.3765625 0.03515625 0.07109375
1 0.784375 0.39375 0.03203125 0.0953125
1 0.759375 0.33828125 0.03515625 0.07109375