1 0.05859375 0.559375 0.11640625 0.25625
2 0.57109375 0.153125 0.065625 0.12109375
0 0.52734375 0.23359375 0.0640625 0.1203125
1 0.70390625 0.2640625 0.0875 0.1484375
0 0.31796875 0.190625 0.07890625 0.15546875
2 0.45859375 0.12265625 0.06640625 0.1125
1 0.853125 0.35078125 0.07890625 0.1640625
1 0.7984375 0.1734375 0.06328125 0.10234375
1 0.3984375 0.4875 0.1265625 0.2609375
1 0.615625 0.65078125 0.15859375 0.2921875
2 0.6609375 0.42734375 0.103125 0.18984375
2 0.23515625 0.2125 0.0921875 0.16171875
1 0.0515625 0.2828125 0.08359375 0.15703125
1 0.02734375 0.41875 0.05 0.2265625
1 0.3296875 0.34375 0.08828125 0.16015625
1 0.946875 0.50703125 0.10390625 0.27421875
1 0.5671875 0.3140625 0.078125 0.19140625